0,0,0,0,0,0,0,0,0,0,0,
0,0,0,0,0,0,0,0,0,0,0,
0,0,0,0,0,0,0,0,0,0,0,
0,0,0,0,0,0,0,0,0,0,0,
0,0,0,0,0,0,0,0,0,0,0,
0,0,0,0,0,0,0,0,0,0,0,
0,0,0,0,0,0,0,0,0,0,0,
0,0,0,0,0,0,0,0,0,0,0,
0,0,0,0,0,0,0,0,0,0,0,
0,0,0,0,0,0,0,0,0,0,0,
0,0,0,0,0,0,0,0,0,0,0,
0,0,0,0,0,0,0,0,0,0,0,
0,-0.000323757,-0.000639228,-0.000938018,-0.0012112,-0.00144797,-0.00163183,-0.00173033,-0.00166793,-0.00125479,0,
0,-0.000639228,-0.0012621,-0.00185203,-0.0023914,-0.00285888,-0.0032219,-0.00341637,-0.00329318,-0.00247746,0,
0,-0.000938018,-0.00185203,-0.00271771,-0.0035092,-0.00419519,-0.00472789,-0.00501326,-0.00483249,-0.00363549,0,
0,-0.0012112,-0.0023914,-0.0035092,-0.0045312,-0.00541698,-0.00610481,-0.0064733,-0.00623987,-0.00469427,0,
0,-0.00144797,-0.00285888,-0.00419519,-0.00541698,-0.00647591,-0.0072982,-0.00773872,-0.00745967,-0.00561192,0,
0,-0.00163183,-0.0032219,-0.00472789,-0.00610481,-0.0072982,-0.00822491,-0.00872137,-0.00840687,-0.00632451,0,
0,-0.00173033,-0.00341637,-0.00501326,-0.0064733,-0.00773872,-0.00872137,-0.00924779,-0.00891431,-0.00670626,0,
0,-0.00166793,-0.00329318,-0.00483249,-0.00623987,-0.00745967,-0.00840687,-0.00891431,-0.00859287,-0.00646443,0,
0,-0.00125479,-0.00247746,-0.00363549,-0.00469427,-0.00561192,-0.00632451,-0.00670626,-0.00646443,-0.0048632,0,
0,0,0,0,0,0,0,0,0,0,0,
0,0,0,0,0,0,0,0,0,0,0,
0,-0.000582215,-0.00114781,-0.00167889,-0.00215392,-0.00254278,-0.00279681,-0.00283103,-0.00250029,-0.00159665,0,
0,-0.00114781,-0.00226286,-0.00330988,-0.00424642,-0.00501316,-0.0055142,-0.00558209,-0.00493071,-0.00314971,0,
0,-0.00167889,-0.00330988,-0.00484139,-0.00621141,-0.00733326,-0.00806685,-0.00816751,-0.00721682,-0.0046133,0,
0,-0.00215392,-0.00424642,-0.00621141,-0.00796947,-0.00940964,-0.0103527,-0.0104853,-0.00927094,-0.00593469,0,
0,-0.00254278,-0.00501316,-0.00733326,-0.00940964,-0.0111119,-0.0122295,-0.0123942,-0.010973,-0.00704359,0,
0,-0.00279681,-0.0055142,-0.00806685,-0.0103527,-0.0122295,-0.0134682,-0.0136669,-0.0121306,-0.0078284,0,
0,-0.00283103,-0.00558209,-0.00816751,-0.0104853,-0.0123942,-0.0136669,-0.0139033,-0.012402,-0.00808669,0,
0,-0.00250029,-0.00493071,-0.00721682,-0.00927094,-0.010973,-0.0121306,-0.012402,-0.0111719,-0.00743117,0,
0,-0.00159665,-0.00314971,-0.0046133,-0.00593469,-0.00704359,-0.0078284,-0.00808669,-0.00743117,-0.00513796,0,
0,0,0,0,0,0,0,0,0,0,0,
0,0,0,0,0,0,0,0,0,0,0,
0,-0.000774854,-0.00152312,-0.00221506,-0.00281344,-0.00326725,-0.00350375,-0.00342283,-0.00290293,-0.0018224,0,
0,-0.00152312,-0.00299405,-0.00435438,-0.00553106,-0.00642399,-0.00689035,-0.00673322,-0.00571284,-0.00358779,0,
0,-0.00221506,-0.00435438,-0.00633327,-0.00804584,-0.00934699,-0.0100295,-0.00980663,-0.00832741,-0.00523406,0,
0,-0.00281344,-0.00553106,-0.00804584,-0.0102241,-0.0118826,-0.0127591,-0.0124892,-0.0106215,-0.0066865,0,
0,-0.00326725,-0.00642399,-0.00934699,-0.0118826,-0.0138201,-0.0148575,-0.0145707,-0.0124253,-0.00784537,0,
0,-0.00350375,-0.00689035,-0.0100295,-0.0127591,-0.0148575,-0.0160047,-0.0157458,-0.0134905,-0.00856607,0,
0,-0.00342283,-0.00673322,-0.00980663,-0.0124892,-0.0145707,-0.0157458,-0.0155718,-0.0134478,-0.00863004,0,
0,-0.00290293,-0.00571284,-0.00832741,-0.0106215,-0.0124253,-0.0134905,-0.0134478,-0.0117656,-0.0077015,0,
0,-0.0018224,-0.00358779,-0.00523406,-0.0066865,-0.00784537,-0.00856607,-0.00863004,-0.0077015,-0.00522604,0,
0,0,0,0,0,0,0,0,0,0,0,
0,0,0,0,0,0,0,0,0,0,0,
0,-0.000899539,-0.00176177,-0.00254538,-0.00320086,-0.00366639,-0.00386535,-0.00370672,-0.00308617,-0.00188114,0,
0,-0.00176177,-0.00345069,-0.00498609,-0.00627127,-0.00718539,-0.00757831,-0.00727103,-0.00605753,-0.00369522,0,
0,-0.00254538,-0.00498609,-0.00720626,-0.00906688,-0.010394,-0.0109706,-0.0105361,-0.00878823,-0.00536925,0,
0,-0.00320086,-0.00627127,-0.00906688,-0.0114144,-0.0130965,-0.0138401,-0.013314,-0.0111284,-0.00681717,0,
0,-0.00366639,-0.00718539,-0.010394,-0.0130965,-0.0150464,-0.0159315,-0.0153666,-0.0128882,-0.00793045,0,
0,-0.00386535,-0.00757831,-0.0109706,-0.0138401,-0.0159315,-0.0169173,-0.0163844,-0.0138179,-0.00856558,0,
0,-0.00370672,-0.00727103,-0.0105361,-0.013314,-0.0153666,-0.0163844,-0.0159651,-0.0135823,-0.00852419,0,
0,-0.00308617,-0.00605753,-0.00878823,-0.0111284,-0.0128882,-0.0138179,-0.0135823,-0.0117129,-0.00750881,0,
0,-0.00188114,-0.00369522,-0.00536925,-0.00681717,-0.00793045,-0.00856558,-0.00852419,-0.00750881,-0.00500274,0,
0,0,0,0,0,0,0,0,0,0,0,
0,0,0,0,0,0,0,0,0,0,0,
0,-0.000961712,-0.0018775,-0.00269809,-0.00336777,-0.00382213,-0.00398668,-0.00377672,-0.00310003,-0.00187059,0,
0,-0.0018775,-0.00366577,-0.00526898,-0.00657874,-0.0074694,-0.00779527,-0.00738987,-0.00607094,-0.0036667,0,
0,-0.00269809,-0.00526898,-0.007576,-0.00946428,-0.0107537,-0.0112341,-0.0106635,-0.00877414,-0.00530875,0,
0,-0.00336777,-0.00657874,-0.00946428,-0.0118329,-0.0134607,-0.0140844,-0.0133966,-0.0110514,-0.00670649,0,
0,-0.00382213,-0.0074694,-0.0107537,-0.0134607,-0.0153384,-0.0160868,-0.0153491,-0.0127133,-0.00775206,0,
0,-0.00398668,-0.00779527,-0.0112341,-0.0140844,-0.0160868,-0.016928,-0.0162264,-0.0135231,-0.00830969,0,
0,-0.00377672,-0.00738987,-0.0106635,-0.0133966,-0.0153491,-0.0162264,-0.0156577,-0.0131724,-0.00819714,0,
0,-0.00310003,-0.00607094,-0.00877414,-0.0110514,-0.0127133,-0.0135231,-0.0131724,-0.0112416,-0.00714748,0,
0,-0.00187059,-0.0036667,-0.00530875,-0.00670649,-0.00775206,-0.00830969,-0.00819714,-0.00714748,-0.00472095,0,
0,0,0,0,0,0,0,0,0,0,0,
0,0,0,0,0,0,0,0,0,0,0,
0,-0.000975285,-0.00189962,-0.00271966,-0.00337751,-0.00380918,-0.00394404,-0.00370624,-0.00301845,-0.00180333,0,
0,-0.00189962,-0.00370055,-0.00529935,-0.00658363,-0.00742882,-0.00769689,-0.00723871,-0.00590106,-0.00352943,0,
0,-0.00271966,-0.00529935,-0.00759222,-0.00943829,-0.0106595,-0.0110571,-0.0104142,-0.00850472,-0.00509712,0,
0,-0.00337751,-0.00658363,-0.00943829,-0.0117447,-0.0132823,-0.0138027,-0.0130302,-0.0106711,-0.00641685,0,
0,-0.00380918,-0.00742882,-0.0106595,-0.0132823,-0.0150503,-0.0156809,-0.0148541,-0.0122172,-0.00738506,0,
0,-0.00394404,-0.00769689,-0.0110571,-0.0138027,-0.0156809,-0.0163976,-0.01561,-0.0129222,-0.00787543,0,
0,-0.00370624,-0.00723871,-0.0104142,-0.0130302,-0.0148541,-0.01561,-0.0149645,-0.0125084,-0.00772377,0,
0,-0.00301845,-0.00590106,-0.00850472,-0.0106711,-0.0122172,-0.0129222,-0.0125084,-0.0106084,-0.00669477,0,
0,-0.00180333,-0.00352943,-0.00509712,-0.00641685,-0.00738506,-0.00787543,-0.00772377,-0.00669477,-0.00439061,0,
0,0,0,0,0,0,0,0,0,0,0,
0,0,0,0,0,0,0,0,0,0,0,
0,-0.000955666,-0.00185845,-0.00265382,-0.00328414,-0.00368789,-0.0037997,-0.00355155,-0.00287512,-0.00170872,0,
0,-0.00185845,-0.00361467,-0.00516311,-0.00639209,-0.00718197,-0.00740506,-0.0069276,-0.00561407,-0.00334048,0,
0,-0.00265382,-0.00516311,-0.00737849,-0.00914142,-0.0102812,-0.0106141,-0.00994549,-0.0080751,-0.00481528,0,
0,-0.00328414,-0.00639209,-0.00914142,-0.0113377,-0.0127702,-0.0132094,-0.0124079,-0.0101047,-0.00604664,0,
0,-0.00368789,-0.00718197,-0.0102812,-0.0127702,-0.0144136,-0.0149508,-0.0140943,-0.0115301,-0.006937,0,
0,-0.0037997,-0.00740506,-0.0106141,-0.0132094,-0.0149508,-0.0155676,-0.0147513,-0.0121487,-0.0073705,0,
0,-0.00355155,-0.0069276,-0.00994549,-0.0124079,-0.0140943,-0.0147513,-0.0140786,-0.0117101,-0.00719912,0,
0,-0.00287512,-0.00561407,-0.0080751,-0.0101047,-0.0115301,-0.0121487,-0.0117101,-0.00988482,-0.00621145,0,
0,-0.00170872,-0.00334048,-0.00481528,-0.00604664,-0.006937,-0.0073705,-0.00719912,-0.00621145,-0.00405578,0,
0,0,0,0,0,0,0,0,0,0,0,
0,0,0,0,0,0,0,0,0,0,0,
0,-0.000915193,-0.00177776,-0.00253399,-0.0031282,-0.00350233,-0.00359615,-0.00334856,-0.0027005,-0.00159806,0,
0,-0.00177776,-0.00345391,-0.00492465,-0.00608217,-0.00681368,-0.00700155,-0.0065256,-0.0052685,-0.00312162,0,
0,-0.00253399,-0.00492465,-0.00702535,-0.00868333,-0.00973783,-0.0100198,-0.00935426,-0.00756723,-0.00449385,0,
0,-0.0031282,-0.00608217,-0.00868333,-0.0107448,-0.0120684,-0.0124432,-0.0116465,-0.00945091,-0.00563289,0,
0,-0.00350233,-0.00681368,-0.00973783,-0.0120684,-0.0135845,-0.0140469,-0.0131965,-0.0107585,-0.00644799,0,
0,-0.00359615,-0.00700155,-0.0100198,-0.0124432,-0.0140469,-0.0145824,-0.0137719,-0.0113044,-0.00683318,0,
0,-0.00334856,-0.0065256,-0.00935426,-0.0116465,-0.0131965,-0.0137719,-0.0131021,-0.0108629,-0.00665487,0,
0,-0.0027005,-0.0052685,-0.00756723,-0.00945091,-0.0107585,-0.0113044,-0.0108629,-0.00914102,-0.00572441,0,
0,-0.00159806,-0.00312162,-0.00449385,-0.00563289,-0.00644799,-0.00683318,-0.00665487,-0.00572441,-0.00372513,0,
0,0,0,0,0,0,0,0,0,0,0,
0,0,0,0,0,0,0,0,0,0,0,
0,-0.000862746,-0.00167457,-0.00238387,-0.00293783,-0.00328228,-0.0033621,-0.00312245,-0.00251096,-0.00148185,0,
0,-0.00167457,-0.00325091,-0.00462938,-0.0057078,-0.00638099,-0.00654133,-0.00608095,-0.00489566,-0.00289291,0,
0,-0.00238387,-0.00462938,-0.00659597,-0.00813904,-0.00910881,-0.00935066,-0.00870749,-0.00702458,-0.00416061,0,
0,-0.00293783,-0.0057078,-0.00813904,-0.0100549,-0.0112711,-0.0115946,-0.0108255,-0.00876109,-0.00520839,0,
0,-0.00328228,-0.00638099,-0.00910881,-0.0112711,-0.0126625,-0.0130645,-0.0122443,-0.00995627,-0.00595243,0,
0,-0.0033621,-0.00654133,-0.00935066,-0.0115946,-0.0130645,-0.0135336,-0.0127519,-0.0104409,-0.00629617,0,
0,-0.00312245,-0.00608095,-0.00870749,-0.0108255,-0.0122443,-0.0127519,-0.0121046,-0.0100116,-0.00611911,0,
0,-0.00251096,-0.00489566,-0.00702458,-0.00876109,-0.00995627,-0.0104409,-0.0100116,-0.00840495,-0.00525146,0,
0,-0.00148185,-0.00289291,-0.00416061,-0.00520839,-0.00595243,-0.00629617,-0.00611911,-0.00525146,-0.00340942,0,
0,0,0,0,0,0,0,0,0,0,0,
0,0,0,0,0,0,0,0,0,0,0,
0,-0.000804421,-0.00156049,-0.00221946,-0.00273188,-0.00304764,-0.0031164,-0.00288878,-0.00231852,-0.0013654,0,
0,-0.00156049,-0.00302778,-0.00430777,-0.00530486,-0.00592177,-0.00606029,-0.00562321,-0.00451841,-0.00266446,0,
0,-0.00221946,-0.00430777,-0.00613234,-0.00755795,-0.00844621,-0.00865603,-0.0080458,-0.00647849,-0.00382941,0,
0,-0.00273188,-0.00530486,-0.00755795,-0.00932621,-0.0104394,-0.0107216,-0.00999238,-0.00807193,-0.00478926,0,
0,-0.00304764,-0.00592177,-0.00844621,-0.0104394,-0.0117119,-0.0120647,-0.0112875,-0.00916182,-0.00546706,0,
0,-0.0031164,-0.00606029,-0.00865603,-0.0107216,-0.0120647,-0.0124787,-0.0117381,-0.00959412,-0.00577493,0,
0,-0.00288878,-0.00562321,-0.0080458,-0.00999238,-0.0112875,-0.0117381,-0.011124,-0.00918509,-0.00560398,0,
0,-0.00231852,-0.00451841,-0.00647849,-0.00807193,-0.00916182,-0.00959412,-0.00918509,-0.00769834,-0.00480159,0,
0,-0.0013654,-0.00266446,-0.00382941,-0.00478926,-0.00546706,-0.00577493,-0.00560398,-0.00480159,-0.00311189,0,
0,0,0,0,0,0,0,0,0,0,0,
0,0,0,0,0,0,0,0,0,0,0,
0,-0.000744219,-0.00144313,-0.00205121,-0.00252257,-0.00281111,-0.00287098,-0.00265771,-0.00212996,-0.00125254,0,
0,-0.00144313,-0.00279896,-0.00397966,-0.00489655,-0.00546017,-0.00558104,-0.00517163,-0.00414958,-0.00244346,0,
0,-0.00205121,-0.00397966,-0.00566167,-0.0069719,-0.00778312,-0.00796687,-0.00739552,-0.00594648,-0.00351001,0,
0,-0.00252257,-0.00489655,-0.0069719,-0.00859585,-0.009612,-0.00986017,-0.00917779,-0.00740369,-0.00438678,0,
0,-0.00281111,-0.00546017,-0.00778312,-0.009612,-0.0107729,-0.0110846,-0.0103577,-0.00839584,-0.00500335,0,
0,-0.00287098,-0.00558104,-0.00796687,-0.00986017,-0.0110846,-0.0114523,-0.0107595,-0.00878289,-0.00527985,0,
0,-0.00265771,-0.00517163,-0.00739552,-0.00917779,-0.0103577,-0.0107595,-0.0101847,-0.00839887,-0.00511789,0,
0,-0.00212996,-0.00414958,-0.00594648,-0.00740369,-0.00839584,-0.00878289,-0.00839887,-0.00703073,-0.00437978,0,
0,-0.00125254,-0.00244346,-0.00351001,-0.00438678,-0.00500335,-0.00527985,-0.00511789,-0.00437978,-0.00283495,0,
0,0,0,0,0,0,0,0,0,0,0,
0,0,0,0,0,0,0,0,0,0,0,
0,-0.000684685,-0.00132731,-0.00188569,-0.00231755,-0.00258063,-0.00263324,-0.00243521,-0.00194962,-0.00114524,0,
0,-0.00132731,-0.00257358,-0.0036575,-0.00449734,-0.00501114,-0.00511754,-0.00473748,-0.00379733,-0.00223364,0,
0,-0.00188569,-0.0036575,-0.00520096,-0.0064006,-0.00713993,-0.00730212,-0.00677191,-0.00543957,-0.00320741,0,
0,-0.00231755,-0.00449734,-0.0064006,-0.00788669,-0.00881244,-0.00903224,-0.00839924,-0.00676896,-0.00400657,0,
0,-0.00258063,-0.00501114,-0.00713993,-0.00881244,-0.00986964,-0.0101467,-0.00947255,-0.00767103,-0.00456686,0,
0,-0.00263324,-0.00511754,-0.00730212,-0.00903224,-0.0101467,-0.0104748,-0.00983236,-0.00801858,-0.00481573,0,
0,-0.00243521,-0.00473748,-0.00677191,-0.00839924,-0.00947255,-0.00983236,-0.00929897,-0.00766151,-0.00466419,0,
0,-0.00194962,-0.00379733,-0.00543957,-0.00676896,-0.00767103,-0.00801858,-0.00766151,-0.00640778,-0.00398801,0,
0,-0.00114524,-0.00223364,-0.00320741,-0.00400657,-0.00456686,-0.00481573,-0.00466419,-0.00398801,-0.00257894,0,
0,0,0,0,0,0,0,0,0,0,0,
0,0,0,0,0,0,0,0,0,0,0,
0,-0.00062737,-0.00121594,-0.00172689,-0.00212139,-0.00236087,-0.00240741,-0.00222477,-0.00177977,-0.00104465,0,
0,-0.00121594,-0.00235716,-0.00334879,-0.00411586,-0.00458349,-0.00467778,-0.00432729,-0.00346591,-0.00203711,0,
0,-0.00172689,-0.00334879,-0.00476039,-0.00585576,-0.00652852,-0.00667255,-0.00618372,-0.00496339,-0.00292441,0,
0,-0.00212139,-0.00411586,-0.00585576,-0.00721214,-0.00805433,-0.00825004,-0.00766659,-0.006174,-0.00365171,0,
0,-0.00236087,-0.00458349,-0.00652852,-0.00805433,-0.00901578,-0.00926323,-0.00864196,-0.00699341,-0.00416046,0,
0,-0.00240741,-0.00467778,-0.00667255,-0.00825004,-0.00926323,-0.00955705,-0.00896504,-0.00730618,-0.00438482,0,
0,-0.00222477,-0.00432729,-0.00618372,-0.00766659,-0.00864196,-0.00896504,-0.00847332,-0.00697653,-0.0042443,0,
0,-0.00177977,-0.00346591,-0.00496339,-0.006174,-0.00699341,-0.00730618,-0.00697653,-0.00583103,-0.00362661,0,
0,-0.00104465,-0.00203711,-0.00292441,-0.00365171,-0.00416046,-0.00438482,-0.0042443,-0.00362661,-0.00234362,0,
0,0,0,0,0,0,0,0,0,0,0,
0,0,0,0,0,0,0,0,0,0,0,
0,-0.000573159,-0.0011107,-0.00157703,-0.00193664,-0.00215436,-0.00219579,-0.00202812,-0.00162155,-0.000951224,0,
0,-0.0011107,-0.00215282,-0.00305772,-0.00375685,-0.00418197,-0.00426597,-0.00394427,-0.00315737,-0.0018547,0,
0,-0.00157703,-0.00305772,-0.00434556,-0.0053437,-0.00595522,-0.00608374,-0.00563513,-0.00452059,-0.002662,0,
0,-0.00193664,-0.00375685,-0.0053437,-0.00657933,-0.00734469,-0.0075197,-0.00698436,-0.00562159,-0.00332314,0,
0,-0.00215436,-0.00418197,-0.00595522,-0.00734469,-0.00821823,-0.00843999,-0.00787003,-0.00636542,-0.00378482,0,
0,-0.00219579,-0.00426597,-0.00608374,-0.0075197,-0.00843999,-0.00870388,-0.00816078,-0.00664737,-0.00398736,0,
0,-0.00202812,-0.00394427,-0.00563513,-0.00698436,-0.00787003,-0.00816078,-0.00770955,-0.00634454,-0.00385785,0,
0,-0.00162155,-0.00315737,-0.00452059,-0.00562159,-0.00636542,-0.00664737,-0.00634454,-0.00530022,-0.00329482,0,
0,-0.000951224,-0.0018547,-0.002662,-0.00332314,-0.00378482,-0.00398736,-0.00385785,-0.00329482,-0.00212811,0,
0,0,0,0,0,0,0,0,0,0,0,
0,0,0,0,0,0,0,0,0,0,0,
0,-0.0005225,-0.00101242,-0.00143721,-0.00176451,-0.00196227,-0.00199929,-0.00184591,-0.00147525,-0.000865035,0,
0,-0.00101242,-0.0019621,-0.00278633,-0.00342256,-0.00380869,-0.00388382,-0.00358956,-0.00287224,-0.00168649,0,
0,-0.00143721,-0.00278633,-0.00395914,-0.00486734,-0.00542271,-0.00553783,-0.00512752,-0.00411172,-0.00242023,0,
0,-0.00176451,-0.00342256,-0.00486734,-0.00599138,-0.00668638,-0.00684337,-0.00635381,-0.00511204,-0.0030207,0,
0,-0.00196227,-0.00380869,-0.00542271,-0.00668638,-0.00747946,-0.00767874,-0.00715758,-0.00578694,-0.00343951,0,
0,-0.00199929,-0.00388382,-0.00553783,-0.00684337,-0.00767874,-0.00791626,-0.00741967,-0.00604142,-0.00362249,0,
0,-0.00184591,-0.00358956,-0.00512752,-0.00635381,-0.00715758,-0.00741967,-0.00700699,-0.00576425,-0.00350369,0,
0,-0.00147525,-0.00287224,-0.00411172,-0.00511204,-0.00578694,-0.00604142,-0.00576425,-0.0048137,-0.00299127,0,
0,-0.000865035,-0.00168649,-0.00242023,-0.0030207,-0.00343951,-0.00362249,-0.00350369,-0.00299127,-0.00193132,0,
0,0,0,0,0,0,0,0,0,0,0,
0,0,0,0,0,0,0,0,0,0,0,
0,-0.00047556,-0.000921387,-0.00130781,-0.00160534,-0.00178486,-0.00181806,-0.0016781,-0.00134073,-0.000785903,0,
0,-0.000921387,-0.00178553,-0.00253525,-0.00311358,-0.00346407,-0.0035315,-0.00326299,-0.00261014,-0.00153211,0,
0,-0.00130781,-0.00253525,-0.0036019,-0.00442735,-0.00493143,-0.00503483,-0.00466048,-0.00373608,-0.00219844,0,
0,-0.00160534,-0.00311358,-0.00442735,-0.00544882,-0.00607955,-0.00622074,-0.00577412,-0.00464428,-0.00274347,0,
0,-0.00178486,-0.00346407,-0.00493143,-0.00607955,-0.00679921,-0.00697865,-0.00650325,-0.00525641,-0.00312326,0,
0,-0.00181806,-0.0035315,-0.00503483,-0.00622074,-0.00697865,-0.0071928,-0.00673981,-0.00548632,-0.00328871,0,
0,-0.0016781,-0.00326299,-0.00466048,-0.00577412,-0.00650325,-0.00673981,-0.00636331,-0.0052333,-0.00318007,0,
0,-0.00134073,-0.00261014,-0.00373608,-0.00464428,-0.00525641,-0.00548632,-0.0052333,-0.00436914,-0.00271426,0,
0,-0.000785903,-0.00153211,-0.00219844,-0.00274347,-0.00312326,-0.00328871,-0.00318007,-0.00271426,-0.00175197,0,
0,0,0,0,0,0,0,0,0,0,0,
0,0,0,0,0,0,0,0,0,0,0,
0,-0.000432329,-0.000837575,-0.00118873,-0.00145897,-0.00162185,-0.0016517,-0.00152422,-0.0012175,-0.000713505,0,
0,-0.000837575,-0.00162301,-0.00230427,-0.00282952,-0.00314752,-0.00320816,-0.00296361,-0.00237013,-0.0013909,0,
0,-0.00118873,-0.00230427,-0.00327341,-0.00402304,-0.00448035,-0.00457343,-0.0042325,-0.00339224,-0.00199566,0,
0,-0.00145897,-0.00282952,-0.00402304,-0.00495058,-0.00552275,-0.00564996,-0.00524324,-0.00421637,-0.00249014,0,
0,-0.00162185,-0.00314752,-0.00448035,-0.00552275,-0.00617553,-0.00633735,-0.00590445,-0.0047714,-0.00283447,0,
0,-0.0016517,-0.00320816,-0.00457343,-0.00564996,-0.00633735,-0.00653066,-0.00611817,-0.00497926,-0.00298413,0,
0,-0.00152422,-0.00296361,-0.0042325,-0.00524324,-0.00590445,-0.00611817,-0.0057753,-0.00474875,-0.00288503,0,
0,-0.0012175,-0.00237013,-0.00339224,-0.00421637,-0.0047714,-0.00497926,-0.00474875,-0.00396381,-0.00246195,0,
0,-0.000713505,-0.0013909,-0.00199566,-0.00249014,-0.00283447,-0.00298413,-0.00288503,-0.00246195,-0.00158878,0,
0,0,0,0,0,0,0,0,0,0,0,
0,0,0,0,0,0,0,0,0,0,0,
0,-0.000392685,-0.000760737,-0.0010796,-0.00132489,-0.00147262,-0.00149951,-0.00138355,-0.00110496,-0.000647436,0,
0,-0.000760737,-0.00147405,-0.00209262,-0.00256938,-0.00285778,-0.00291243,-0.00269,-0.00215095,-0.00126206,0,
0,-0.0010796,-0.00209262,-0.00297254,-0.00365291,-0.00406765,-0.00415157,-0.00384149,-0.00307834,-0.00181068,0,
0,-0.00132489,-0.00256938,-0.00365291,-0.00449467,-0.00501354,-0.00512832,-0.00475843,-0.00382588,-0.00225915,0,
0,-0.00147262,-0.00285778,-0.00406765,-0.00501354,-0.00560548,-0.00575159,-0.00535791,-0.00432905,-0.00257127,0,
0,-0.00149951,-0.00291243,-0.00415157,-0.00512832,-0.00575159,-0.00592625,-0.00555113,-0.00451708,-0.00270672,0,
0,-0.00138355,-0.00269,-0.00384149,-0.00475843,-0.00535791,-0.00555113,-0.00523929,-0.00430737,-0.00261648,0,
0,-0.00110496,-0.00215095,-0.00307834,-0.00382588,-0.00432905,-0.00451708,-0.00430737,-0.00359486,-0.00223245,0,
0,-0.000647436,-0.00126206,-0.00181068,-0.00225915,-0.00257127,-0.00270672,-0.00261648,-0.00223245,-0.00144045,0,
0,0,0,0,0,0,0,0,0,0,0,
0,0,0,0,0,0,0,0,0,0,0,
0,-0.000356446,-0.000690509,-0.000979879,-0.00120243,-0.00133638,-0.00136063,-0.00125527,-0.00100238,-0.000587255,0,
0,-0.000690509,-0.00133793,-0.00189927,-0.0023318,-0.00259331,-0.00264262,-0.00244051,-0.00195121,-0.00114472,0,
0,-0.000979879,-0.00189927,-0.00269774,-0.00331497,-0.00369101,-0.00376677,-0.00348503,-0.00279236,-0.00164226,0,
0,-0.00120243,-0.0023318,-0.00331497,-0.00407857,-0.004549,-0.00465266,-0.00431659,-0.00347022,-0.00204888,0,
0,-0.00133638,-0.00259331,-0.00369101,-0.004549,-0.00508565,-0.00521768,-0.00486001,-0.0039263,-0.00233178,0,
0,-0.00136063,-0.00264262,-0.00376677,-0.00465266,-0.00521768,-0.0053756,-0.0050348,-0.00409646,-0.00245439,0,
0,-0.00125527,-0.00244051,-0.00348503,-0.00431659,-0.00486001,-0.0050348,-0.00475146,-0.00390587,-0.00237232,0,
0,-0.00100238,-0.00195121,-0.00279236,-0.00347022,-0.0039263,-0.00409646,-0.00390587,-0.00325942,-0.00202391,0,
0,-0.000587255,-0.00114472,-0.00164226,-0.00204888,-0.00233178,-0.00245439,-0.00237232,-0.00202391,-0.00130574,0,
0,0,0,0,0,0,0,0,0,0,0,
0,0,0,0,0,0,0,0,0,0,0,
0,-0.000323397,-0.00062647,-0.000888967,-0.00109081,-0.00121224,-0.00123414,-0.00113848,-0.000909031,-0.000532514,0,
0,-0.00062647,-0.00121382,-0.00172302,-0.00211529,-0.00235235,-0.0023969,-0.00221339,-0.00176946,-0.00103799,0,
0,-0.000888967,-0.00172302,-0.00244729,-0.00300705,-0.00334793,-0.00341638,-0.00316058,-0.00253217,-0.00148909,0,
0,-0.00109081,-0.00211529,-0.00300705,-0.00369952,-0.00412596,-0.00421966,-0.00391454,-0.00314672,-0.00185771,0,
0,-0.00121224,-0.00235235,-0.00334793,-0.00412596,-0.0046124,-0.0047318,-0.00440707,-0.00356007,-0.00211409,0,
0,-0.00123414,-0.0023969,-0.00341638,-0.00421966,-0.0047318,-0.00487466,-0.00456524,-0.0037141,-0.0022251,0,
0,-0.00113848,-0.00221339,-0.00316058,-0.00391454,-0.00440707,-0.00456524,-0.004308,-0.00354103,-0.00215054,0,
0,-0.000909031,-0.00176946,-0.00253217,-0.00314672,-0.00356007,-0.0037141,-0.00354103,-0.00295472,-0.00183456,0,
0,-0.000532514,-0.00103799,-0.00148909,-0.00185771,-0.00211409,-0.0022251,-0.00215054,-0.00183456,-0.00118348,0,
0,0,0,0,0,0,0,0,0,0,0,
0,0,0,0,0,0,0,0,0,0,0,
0,-0.000293307,-0.000568171,-0.000806215,-0.000989225,-0.0010993,-0.00111909,-0.00103228,-0.000824176,-0.000482771,0,
0,-0.000568171,-0.00110084,-0.0015626,-0.00191827,-0.00213315,-0.00217341,-0.00200688,-0.00160426,-0.000941018,0,
0,-0.000806215,-0.0015626,-0.00221937,-0.00272689,-0.00303586,-0.00309775,-0.00286563,-0.0022957,-0.00134994,0,
0,-0.000989225,-0.00191827,-0.00272689,-0.00335471,-0.00374122,-0.00382597,-0.00354909,-0.00285276,-0.00168405,0,
0,-0.0010993,-0.00213315,-0.00303586,-0.00374122,-0.0041821,-0.00429012,-0.00399546,-0.00322736,-0.00191639,0,
0,-0.00111909,-0.00217341,-0.00309775,-0.00382597,-0.00429012,-0.00441941,-0.00413864,-0.00336683,-0.00201692,0,
0,-0.00103228,-0.00200688,-0.00286563,-0.00354909,-0.00399546,-0.00413864,-0.00390521,-0.00320975,-0.00194923,0,
0,-0.000824176,-0.00160426,-0.0022957,-0.00285276,-0.00322736,-0.00336683,-0.00320975,-0.00267813,-0.00166272,0,
0,-0.000482771,-0.000941018,-0.00134994,-0.00168405,-0.00191639,-0.00201692,-0.00194923,-0.00166272,-0.00107256,0,
0,0,0,0,0,0,0,0,0,0,0,
0,0,0,0,0,0,0,0,0,0,0,
0,-0.000265947,-0.000515164,-0.000730983,-0.000896887,-0.000996645,-0.00101455,-0.000935798,-0.000747109,-0.000437605,0,
0,-0.000515164,-0.000998123,-0.00141676,-0.00173919,-0.00193393,-0.00197035,-0.00181929,-0.00145423,-0.000852969,0,
0,-0.000730983,-0.00141676,-0.0020122,-0.00247227,-0.00275229,-0.00280828,-0.00259772,-0.00208097,-0.00122361,0,
0,-0.000896887,-0.00173919,-0.00247227,-0.00304137,-0.00339166,-0.00346834,-0.00321719,-0.00258586,-0.00152641,0,
0,-0.000996645,-0.00193393,-0.00275229,-0.00339166,-0.00379121,-0.00388897,-0.0036217,-0.00292531,-0.00173694,0,
0,-0.00101455,-0.00197035,-0.00280828,-0.00346834,-0.00388897,-0.00400601,-0.00375134,-0.00305161,-0.001828,0,
0,-0.000935798,-0.00181929,-0.00259772,-0.00321719,-0.0036217,-0.00375134,-0.00353959,-0.00290912,-0.00176657,0,
0,-0.000747109,-0.00145423,-0.00208097,-0.00258586,-0.00292531,-0.00305161,-0.00290912,-0.00242718,-0.00150684,0,
0,-0.000437605,-0.000852969,-0.00122361,-0.00152641,-0.00173694,-0.001828,-0.00176657,-0.00150684,-0.00097196,0,
0,0,0,0,0,0,0,0,0,0,0,
0,0,0,0,0,0,0,0,0,0,0,
0,-0.000241091,-0.000467011,-0.000662646,-0.000813022,-0.000903427,-0.000919626,-0.000848213,-0.000677158,-0.000396616,0,
0,-0.000467011,-0.000904819,-0.0012843,-0.00157655,-0.00175303,-0.00178598,-0.001649,-0.00131806,-0.000773069,0,
0,-0.000662646,-0.0012843,-0.00182403,-0.00224103,-0.00249479,-0.00254546,-0.00235453,-0.00188609,-0.00110897,0,
0,-0.000813022,-0.00157655,-0.00224103,-0.00275685,-0.00307428,-0.00314369,-0.00291595,-0.00234364,-0.00138339,0,
0,-0.000903427,-0.00175303,-0.00249479,-0.00307428,-0.00343635,-0.00352486,-0.0032825,-0.00265124,-0.00157415,0,
0,-0.000919626,-0.00178598,-0.00254546,-0.00314369,-0.00352486,-0.00363083,-0.0033999,-0.00276562,-0.00165663,0,
0,-0.000848213,-0.001649,-0.00235453,-0.00291595,-0.0032825,-0.0033999,-0.00320788,-0.0026364,-0.00160091,0,
0,-0.000677158,-0.00131806,-0.00188609,-0.00234364,-0.00265124,-0.00276562,-0.0026364,-0.00219957,-0.00136549,0,
0,-0.000396616,-0.000773069,-0.00110897,-0.00138339,-0.00157415,-0.00165663,-0.00160091,-0.00136549,-0.000880752,0,
0,0,0,0,0,0,0,0,0,0,0,
0,0,0,0,0,0,0,0,0,0,0,
0,-0.000218527,-0.000423298,-0.000600614,-0.000736901,-0.000818824,-0.000833486,-0.000768741,-0.000613695,-0.000359435,0,
0,-0.000423298,-0.000820121,-0.00116407,-0.00142893,-0.00158885,-0.00161868,-0.00149449,-0.00119453,-0.000700593,0,
0,-0.000600614,-0.00116407,-0.00165325,-0.00203117,-0.00226112,-0.00230699,-0.00213389,-0.00170929,-0.001005,0,
0,-0.000736901,-0.00142893,-0.00203117,-0.00249864,-0.00278629,-0.00284912,-0.00264266,-0.00212393,-0.00125366,0,
0,-0.000818824,-0.00158885,-0.00226112,-0.00278629,-0.00311438,-0.00319452,-0.00297479,-0.00240264,-0.00142651,0,
0,-0.000833486,-0.00161868,-0.00230699,-0.00284912,-0.00319452,-0.00329048,-0.00308112,-0.00250625,-0.00150122,0,
0,-0.000768741,-0.00149449,-0.00213389,-0.00264266,-0.00297479,-0.00308112,-0.00290704,-0.00238909,-0.0014507,0,
0,-0.000613695,-0.00119453,-0.00170929,-0.00212393,-0.00240264,-0.00250625,-0.00238909,-0.00199319,-0.00123734,0,
0,-0.000359435,-0.000700593,-0.001005,-0.00125366,-0.00142651,-0.00150122,-0.0014507,-0.00123734,-0.000798071,0,
0,0,0,0,0,0,0,0,0,0,0,
0,0,0,0,0,0,0,0,0,0,0,
0,-0.000198052,-0.000383636,-0.000544333,-0.00066784,-0.000742073,-0.000755348,-0.000696658,-0.000556139,-0.000325718,0,
0,-0.000383636,-0.000743273,-0.00105498,-0.001295,-0.00143992,-0.00146692,-0.00135435,-0.00108249,-0.00063487,0,
0,-0.000544333,-0.00105498,-0.00149831,-0.00184079,-0.00204915,-0.00209068,-0.00193377,-0.00154896,-0.00091071,0,
0,-0.00066784,-0.001295,-0.00184079,-0.00226441,-0.00252506,-0.00258196,-0.0023948,-0.00192469,-0.00113603,0,
0,-0.000742073,-0.00143992,-0.00204915,-0.00252506,-0.00282234,-0.00289492,-0.00269575,-0.00217723,-0.00129265,0,
0,-0.000755348,-0.00146692,-0.00209068,-0.00258196,-0.00289492,-0.00298183,-0.00279206,-0.00227108,-0.00136033,0,
0,-0.000696658,-0.00135435,-0.00193377,-0.0023948,-0.00269575,-0.00279206,-0.00263427,-0.00216488,-0.00131452,0,
0,-0.000556139,-0.00108249,-0.00154896,-0.00192469,-0.00217723,-0.00227108,-0.00216488,-0.00180609,-0.00112117,0,
0,-0.000325718,-0.00063487,-0.00091071,-0.00113603,-0.00129265,-0.00136033,-0.00131452,-0.00112117,-0.00072313,0,
0,0,0,0,0,0,0,0,0,0,0,
0,0,0,0,0,0,0,0,0,0,0,
0,-0.000179481,-0.000347662,-0.000493287,-0.000605206,-0.00067247,-0.00068449,-0.000631297,-0.000503953,-0.000295149,0,
0,-0.000347662,-0.000673573,-0.000956045,-0.00117355,-0.00130485,-0.00132931,-0.00122728,-0.000980912,-0.000575284,0,
0,-0.000493287,-0.000956045,-0.00135779,-0.00166813,-0.00185693,-0.00189454,-0.00175233,-0.0014036,-0.000825231,0,
0,-0.000605206,-0.00117355,-0.00166813,-0.002052,-0.00228817,-0.0023397,-0.00217008,-0.00174405,-0.0010294,0,
0,-0.00067247,-0.00130485,-0.00185693,-0.00228817,-0.00255754,-0.00262327,-0.00244276,-0.00197287,-0.0011713,0,
0,-0.00068449,-0.00132931,-0.00189454,-0.0023397,-0.00262327,-0.002702,-0.00253,-0.00205789,-0.00123261,0,
0,-0.000631297,-0.00122728,-0.00175233,-0.00217008,-0.00244276,-0.00253,-0.00238698,-0.00196163,-0.00119109,0,
0,-0.000503953,-0.000980912,-0.0014036,-0.00174405,-0.00197287,-0.00205789,-0.00196163,-0.00163651,-0.00101588,0,
0,-0.000295149,-0.000575284,-0.000825231,-0.0010294,-0.0011713,-0.00123261,-0.00119109,-0.00101588,-0.000655211,0,
0,0,0,0,0,0,0,0,0,0,0,
0,0,0,0,0,0,0,0,0,0,0,
0,-0.000162642,-0.000315043,-0.000447002,-0.000548416,-0.000609363,-0.000620249,-0.000572042,-0.000456645,-0.000267439,0,
0,-0.000315043,-0.000610373,-0.000866337,-0.00106342,-0.0011824,-0.00120455,-0.00111208,-0.000888828,-0.000521273,0,
0,-0.000447002,-0.000866337,-0.00123038,-0.00151159,-0.00168266,-0.00171672,-0.00158784,-0.00127183,-0.000747749,0,
0,-0.000548416,-0.00106342,-0.00151159,-0.00185942,-0.00207341,-0.00212009,-0.00196636,-0.00158031,-0.000932741,0,
0,-0.000609363,-0.0011824,-0.00168266,-0.00207341,-0.00231748,-0.00237702,-0.00221343,-0.00178763,-0.00106131,0,
0,-0.000620249,-0.00120455,-0.00171672,-0.00212009,-0.00237702,-0.00244833,-0.00229246,-0.00186465,-0.00111686,0,
0,-0.000572042,-0.00111208,-0.00158784,-0.00196636,-0.00221343,-0.00229246,-0.00216285,-0.00177742,-0.00107923,0,
0,-0.000456645,-0.000888828,-0.00127183,-0.00158031,-0.00178763,-0.00186465,-0.00177742,-0.00148281,-0.000920462,0,
0,-0.000267439,-0.000521273,-0.000747749,-0.000932741,-0.00106131,-0.00111686,-0.00107923,-0.000920462,-0.000593662,0,
0,0,0,0,0,0,0,0,0,0,0,
0,0,0,0,0,0,0,0,0,0,0,
0,-0.000147376,-0.000285472,-0.000405043,-0.000496935,-0.000552157,-0.000562016,-0.000518331,-0.000413766,-0.000242324,0,
0,-0.000285472,-0.000553079,-0.000785014,-0.000963595,-0.00107139,-0.00109145,-0.00100766,-0.000805365,-0.00047232,0,
0,-0.000405043,-0.000785014,-0.00111488,-0.00136968,-0.00152468,-0.00155554,-0.00143874,-0.0011524,-0.000677525,0,
0,-0.000496935,-0.000963595,-0.00136968,-0.00168485,-0.00187874,-0.00192102,-0.00178172,-0.00143191,-0.00084514,0,
0,-0.000552157,-0.00107139,-0.00152468,-0.00187874,-0.00209988,-0.00215382,-0.00200557,-0.00161975,-0.000961633,0,
0,-0.000562016,-0.00109145,-0.00155554,-0.00192102,-0.00215382,-0.00221842,-0.00207717,-0.00168952,-0.00101195,0,
0,-0.000518331,-0.00100766,-0.00143874,-0.00178172,-0.00200557,-0.00207717,-0.00195971,-0.00161047,-0.000977851,0,
0,-0.000413766,-0.000805365,-0.0011524,-0.00143191,-0.00161975,-0.00168952,-0.00161047,-0.00134352,-0.000833992,0,
0,-0.000242324,-0.00047232,-0.000677525,-0.00084514,-0.000961633,-0.00101195,-0.000977851,-0.000833992,-0.000537888,0,
0,0,0,0,0,0,0,0,0,0,0,
0,0,0,0,0,0,0,0,0,0,0,
0,-0.000133539,-0.000258667,-0.000367011,-0.000450272,-0.000500307,-0.000509237,-0.000469651,-0.000374904,-0.000219563,0,
0,-0.000258667,-0.000501147,-0.000711302,-0.000873111,-0.000970783,-0.000988954,-0.000913025,-0.000729722,-0.000427955,0,
0,-0.000367011,-0.000711302,-0.00101019,-0.00124106,-0.0013815,-0.00140945,-0.00130362,-0.00104416,-0.000613885,0,
0,-0.000450272,-0.000873111,-0.00124106,-0.00152663,-0.0017023,-0.0017406,-0.00161437,-0.00129741,-0.000765753,0,
0,-0.000500307,-0.000970783,-0.0013815,-0.0017023,-0.00190267,-0.00195153,-0.00181719,-0.0014676,-0.000871299,0,
0,-0.000509237,-0.000988954,-0.00140945,-0.0017406,-0.00195153,-0.00201005,-0.00188205,-0.00153081,-0.000916888,0,
0,-0.000469651,-0.000913025,-0.00130362,-0.00161437,-0.00181719,-0.00188205,-0.00177563,-0.00145918,-0.000885985,0,
0,-0.000374904,-0.000729722,-0.00104416,-0.00129741,-0.0014676,-0.00153081,-0.00145918,-0.0012173,-0.000755637,0,
0,-0.000219563,-0.000427955,-0.000613885,-0.000765753,-0.000871299,-0.000916888,-0.000885985,-0.000755637,-0.000487349,0,
0,0,0,0,0,0,0,0,0,0,0,
0,0,0,0,0,0,0,0,0,0,0,
0,-0.000120997,-0.000234374,-0.000332541,-0.000407982,-0.000453315,-0.000461405,-0.000425536,-0.000339687,-0.000198937,0,
0,-0.000234374,-0.000454081,-0.000644497,-0.000791106,-0.000879602,-0.000896062,-0.000827261,-0.000661174,-0.000387752,0,
0,-0.000332541,-0.000644497,-0.000915309,-0.0011245,-0.00125174,-0.00127706,-0.00118116,-0.000946072,-0.000556214,0,
0,-0.000407982,-0.000791106,-0.0011245,-0.00138324,-0.00154241,-0.0015771,-0.00146272,-0.00117553,-0.000693813,0,
0,-0.000453315,-0.000879602,-0.00125174,-0.00154241,-0.00172394,-0.00176821,-0.00164649,-0.00132973,-0.000789442,0,
0,-0.000461405,-0.000896062,-0.00127706,-0.0015771,-0.00176821,-0.00182123,-0.00170525,-0.001387,-0.000830744,0,
0,-0.000425536,-0.000827261,-0.00118116,-0.00146272,-0.00164649,-0.00170525,-0.00160881,-0.00132209,-0.000802741,0,
0,-0.000339687,-0.000661174,-0.000946072,-0.00117553,-0.00132973,-0.001387,-0.00132209,-0.00110293,-0.000684637,0,
0,-0.000198937,-0.000387752,-0.000556214,-0.000693813,-0.000789442,-0.000830744,-0.000802741,-0.000684637,-0.000441556,0,
0,0,0,0,0,0,0,0,0,0,0,
0,0,0,0,0,0,0,0,0,0,0,
0,-0.000109632,-0.000212359,-0.000301304,-0.000369657,-0.000410731,-0.00041806,-0.000385559,-0.000307774,-0.000180246,0,
0,-0.000212359,-0.000411427,-0.000583955,-0.000716791,-0.000796972,-0.000811883,-0.000749543,-0.000599057,-0.000351322,0,
0,-0.000301304,-0.000583955,-0.000829327,-0.00101886,-0.00113415,-0.00115709,-0.00107019,-0.000857188,-0.000503955,0,
0,-0.000369657,-0.000716791,-0.00101886,-0.0012533,-0.00139751,-0.00142894,-0.0013253,-0.00106508,-0.000628626,0,
0,-0.000410731,-0.000796972,-0.00113415,-0.00139751,-0.00156199,-0.00160209,-0.0014918,-0.00120479,-0.000715268,0,
0,-0.00041806,-0.000811883,-0.00115709,-0.00142894,-0.00160209,-0.00165012,-0.00154503,-0.00125668,-0.000752688,0,
0,-0.000385559,-0.000749543,-0.00107019,-0.0013253,-0.0014918,-0.00154503,-0.00145765,-0.00119786,-0.000727314,0,
0,-0.000307774,-0.000599057,-0.000857188,-0.00106508,-0.00120479,-0.00125668,-0.00119786,-0.000999296,-0.000620305,0,
0,-0.000180246,-0.000351322,-0.000503955,-0.000628626,-0.000715268,-0.000752688,-0.000727314,-0.000620305,-0.000400064,0,
0,0,0,0,0,0,0,0,0,0,0,
0,0,0,0,0,0,0,0,0,0,0,
0,-9.93323e-005,-0.000192408,-0.000272998,-0.000334929,-0.000372143,-0.000378782,-0.000349334,-0.000278856,-0.000163311,0,
0,-0.000192408,-0.000372775,-0.000529094,-0.00064945,-0.000722096,-0.000735605,-0.00067912,-0.000542771,-0.000318311,0,
0,-0.000272998,-0.000529094,-0.000751413,-0.00092314,-0.00102759,-0.00104837,-0.000969642,-0.000776648,-0.000456603,0,
0,-0.000334929,-0.00064945,-0.00092314,-0.00113555,-0.00126621,-0.00129468,-0.00120078,-0.000965009,-0.000569559,0,
0,-0.000372143,-0.000722096,-0.00102759,-0.00126621,-0.00141523,-0.00145156,-0.00135163,-0.00109159,-0.000648059,0,
0,-0.000378782,-0.000735605,-0.00104837,-0.00129468,-0.00145156,-0.00149508,-0.00139986,-0.0011386,-0.000681961,0,
0,-0.000349334,-0.00067912,-0.000969642,-0.00120078,-0.00135163,-0.00139986,-0.00132069,-0.00108531,-0.00065897,0,
0,-0.000278856,-0.000542771,-0.000776648,-0.000965009,-0.00109159,-0.0011386,-0.00108531,-0.000905394,-0.000562015,0,
0,-0.000163311,-0.000318311,-0.000456603,-0.000569559,-0.000648059,-0.000681961,-0.00065897,-0.000562015,-0.000362469,0,
0,0,0,0,0,0,0,0,0,0,0,
0,0,0,0,0,0,0,0,0,0,0,
0,-8.99996e-005,-0.000174331,-0.000247348,-0.00030346,-0.000337177,-0.000343192,-0.00031651,-0.000252654,-0.000147965,0,
0,-0.000174331,-0.000337751,-0.000479382,-0.000588429,-0.000654249,-0.000666487,-0.000615308,-0.00049177,-0.000288401,0,
0,-0.000247348,-0.000479382,-0.000680812,-0.000836403,-0.000931041,-0.000949867,-0.000878532,-0.000703671,-0.000413698,0,
0,-0.00030346,-0.000588429,-0.000836403,-0.00102885,-0.00114723,-0.00117303,-0.00108795,-0.000874332,-0.000516039,0,
0,-0.000337177,-0.000654249,-0.000931041,-0.00114723,-0.00128225,-0.00131517,-0.00122462,-0.000989017,-0.000587162,0,
0,-0.000343192,-0.000666487,-0.000949867,-0.00117303,-0.00131517,-0.00135459,-0.00126832,-0.00103161,-0.000617877,0,
0,-0.00031651,-0.000615308,-0.000878532,-0.00108795,-0.00122462,-0.00126832,-0.00119658,-0.00098332,-0.000597046,0,
0,-0.000252654,-0.00049177,-0.000703671,-0.000874332,-0.000989017,-0.00103161,-0.00098332,-0.000820314,-0.000509201,0,
0,-0.000147965,-0.000288401,-0.000413698,-0.000516039,-0.000587162,-0.000617877,-0.000597046,-0.000509201,-0.000328406,0,
0,0,0,0,0,0,0,0,0,0,0,
0,0,0,0,0,0,0,0,0,0,0,
0,-8.15431e-005,-0.00015795,-0.000224107,-0.000274946,-0.000305495,-0.000310944,-0.000286769,-0.000228913,-0.000134061,0,
0,-0.00015795,-0.000306015,-0.000434338,-0.000533138,-0.000592772,-0.00060386,-0.00055749,-0.000445559,-0.0002613,0,
0,-0.000224107,-0.000434338,-0.000616841,-0.000757811,-0.000843556,-0.000860611,-0.000795978,-0.000637548,-0.000374823,0,
0,-0.000274946,-0.000533138,-0.000757811,-0.000932178,-0.00103943,-0.00106281,-0.000985718,-0.000792171,-0.000467546,0,
0,-0.000305495,-0.000592772,-0.000843556,-0.00103943,-0.00116176,-0.00119158,-0.00110955,-0.000896079,-0.000531985,0,
0,-0.000310944,-0.00060386,-0.000860611,-0.00106281,-0.00119158,-0.0012273,-0.00114914,-0.000934664,-0.000559814,0,
0,-0.000286769,-0.00055749,-0.000795978,-0.000985718,-0.00110955,-0.00114914,-0.00108414,-0.000890915,-0.000540939,0,
0,-0.000228913,-0.000445559,-0.000637548,-0.000792171,-0.000896079,-0.000934664,-0.000890915,-0.000743226,-0.000461349,0,
0,-0.000134061,-0.0002613,-0.000374823,-0.000467546,-0.000531985,-0.000559814,-0.000540939,-0.000461349,-0.000297544,0,
0,0,0,0,0,0,0,0,0,0,0,
0,0,0,0,0,0,0,0,0,0,0,
0,-7.38808e-005,-0.000143108,-0.000203048,-0.00024911,-0.000276788,-0.000281725,-0.000259821,-0.000207401,-0.000121463,0,
0,-0.000143108,-0.000277259,-0.000393525,-0.00048304,-0.00053707,-0.000547115,-0.000505102,-0.000403689,-0.000236745,0,
0,-0.000203048,-0.000393525,-0.000558878,-0.000686601,-0.000764287,-0.000779739,-0.000721179,-0.000577636,-0.000339599,0,
0,-0.00024911,-0.00048304,-0.000686601,-0.000844581,-0.000941757,-0.000962933,-0.000893088,-0.000717729,-0.000423609,0,
0,-0.000276788,-0.00053707,-0.000764287,-0.000941757,-0.00105259,-0.00107961,-0.00100528,-0.000811871,-0.000481992,0,
0,-0.000281725,-0.000547115,-0.000779739,-0.000962933,-0.00107961,-0.00111197,-0.00104115,-0.00084683,-0.000507205,0,
0,-0.000259821,-0.000505102,-0.000721179,-0.000893088,-0.00100528,-0.00104115,-0.000982258,-0.000807191,-0.000490104,0,
0,-0.000207401,-0.000403689,-0.000577636,-0.000717729,-0.000811871,-0.00084683,-0.000807191,-0.00067338,-0.000417993,0,
0,-0.000121463,-0.000236745,-0.000339599,-0.000423609,-0.000481992,-0.000507205,-0.000490104,-0.000417993,-0.000269581,0,
0,0,0,0,0,0,0,0,0,0,0,
0,0,0,0,0,0,0,0,0,0,0,
0,-6.69382e-005,-0.00012966,-0.000183967,-0.0002257,-0.000250777,-0.00025525,-0.000235404,-0.000187911,-0.000110048,0,
0,-0.00012966,-0.000251205,-0.000356545,-0.000437648,-0.0004866,-0.000495701,-0.000457636,-0.000365753,-0.000214497,0,
0,-0.000183967,-0.000356545,-0.000506359,-0.000622079,-0.000692465,-0.000706465,-0.000653407,-0.000523353,-0.000307685,0,
0,-0.0002257,-0.000437648,-0.000622079,-0.000765214,-0.000853258,-0.000872443,-0.000809161,-0.00065028,-0.0003838,0,
0,-0.000250777,-0.0004866,-0.000692465,-0.000853258,-0.000953676,-0.000978153,-0.000910809,-0.000735575,-0.000436696,0,
0,-0.00025525,-0.000495701,-0.000706465,-0.000872443,-0.000978153,-0.00100747,-0.000943306,-0.000767248,-0.00045954,0,
0,-0.000235404,-0.000457636,-0.000653407,-0.000809161,-0.000910809,-0.000943306,-0.00088995,-0.000731334,-0.000444045,0,
0,-0.000187911,-0.000365753,-0.000523353,-0.00065028,-0.000735575,-0.000767248,-0.000731334,-0.000610098,-0.000378711,0,
0,-0.000110048,-0.000214497,-0.000307685,-0.0003838,-0.000436696,-0.00045954,-0.000444045,-0.000378711,-0.000244246,0,
0,0,0,0,0,0,0,0,0,0,0,
0,0,0,0,0,0,0,0,0,0,0,
0,-6.06478e-005,-0.000117476,-0.000166679,-0.00020449,-0.000227211,-0.000231263,-0.000213282,-0.000170252,-9.97063e-005,0,
0,-0.000117476,-0.000227598,-0.000323039,-0.00039652,-0.000440872,-0.000449118,-0.000414629,-0.000331381,-0.000194339,0,
0,-0.000166679,-0.000323039,-0.000458774,-0.00056362,-0.000627391,-0.000640074,-0.000592002,-0.00047417,-0.00027877,0,
0,-0.00020449,-0.00039652,-0.00056362,-0.000693303,-0.000773072,-0.000790454,-0.000733119,-0.000589169,-0.000347732,0,
0,-0.000227211,-0.000440872,-0.000627391,-0.000773072,-0.000864054,-0.00088623,-0.000825214,-0.000666448,-0.000395656,0,
0,-0.000231263,-0.000449118,-0.000640074,-0.000790454,-0.00088623,-0.000912794,-0.000854657,-0.000695144,-0.000416353,0,
0,-0.000213282,-0.000414629,-0.000592002,-0.000733119,-0.000825214,-0.000854657,-0.000806314,-0.000662605,-0.000402314,0,
0,-0.000170252,-0.000331381,-0.00047417,-0.000589169,-0.000666448,-0.000695144,-0.000662605,-0.000552762,-0.00034312,0,
0,-9.97063e-005,-0.000194339,-0.00027877,-0.000347732,-0.000395656,-0.000416353,-0.000402314,-0.00034312,-0.000221292,0,
0,0,0,0,0,0,0,0,0,0,0,
0,0,0,0,0,0,0,0,0,0,0,
0,-5.49483e-005,-0.000106436,-0.000151015,-0.000185273,-0.000205858,-0.00020953,-0.000193238,-0.000154252,-9.03361e-005,0,
